x=12
y=3






